coverage_probability: 45.0
max_absolute_error: 0.25154023413012333
mean_absolute_error: 0.07643478735089371
mean_bias: -0.032180222044492356
mean_variance: 0.0005044532187254963
min_absolute_error: 0.0017647241183696982
root_mean_squared_error: 0.10792969989878975
