bym_coverage_probability: 23.809523809523807
bym_mean_absolute_error: 0.07369208383718986
bym_mean_bias: -0.028369889138685392
bym_mean_variance: 0.0002192191833489613
bym_root_mean_squared_error: 0.09565076271441958
iid_coverage_probability: 38.095238095238095
iid_mean_absolute_error: 0.07318452268078117
iid_mean_bias: -0.028469442065685368
iid_mean_variance: 0.00024129554136417518
iid_root_mean_squared_error: 0.09591546072519548
