bym_coverage_probability: 25.0
bym_mean_absolute_error: 0.08370920371287252
bym_mean_bias: -0.034431753849180985
bym_mean_variance: 0.00022625737478749918
bym_root_mean_squared_error: 0.10524461725001581
iid_coverage_probability: 35.0
iid_mean_absolute_error: 0.08362275304764656
iid_mean_bias: -0.03368101555431759
iid_mean_variance: 0.00025402408684683294
iid_root_mean_squared_error: 0.10454048160469598
